	test_sequences	DeepCas9_HL60_score	DeepCas9_mEL4_score	DeepCas9_293T_score	DeepCas9_score
1	CCATGGAGGTCTCGGCCTATGGTTCGGGCG	0.626433492	0.21433498	0.152391881	0.401801306
2	GCCCGGGGAGGGGGACAGACTCTTTGGTTG	0.768561006	0.140318692	0.235339418	0.482946067
3	CGCAGGTGCTGCCGGAGAACATCCCGGTGT	0.982174277	1.067321897	0.976581573	0.99752599
4	TATAGGGCAGTCTGTGCGCGGTGACGGCGC	1.060869694	0.476516396	0.187873185	0.682100081
5	TGTGGGTGGGACTGAAAGAGGTGGAGGAAC	1.134513378	1.085499167	0.905881047	1.056120837
6	GTGAGGGGCTGGGGGGTCCACCATAGGGGG	0.872037172	0.486830652	0.645953178	0.72717067
7	TGATGGAGGAACCGATGGAGGTGGTGGAGG	1.064640999	0.798619747	0.554387391	0.858360666
8	TGTCGGGTGTACTGGGGGGACAGTGGGCTG	0.841939092	0.52448833	0.572447956	0.697601599
9	GCCGGGTACCGGGAGCTGCAGCAGCGGGTG	0.856202126	0.9055022	0.826113939	0.857035685
10	CCCTGGAGGAGACACCACAGACAGTGGAGC	1.23142755	1.108725309	0.925594568	1.115137208
11	CCACGGGTATGGTGGTGGGCATCGTGGCAG	0.805457354	0.678017378	0.729975581	0.757324827
